{
 "cells": [
  {
   "cell_type": "code",
   "execution_count": 1,
   "id": "e3b1e0f6",
   "metadata": {},
   "outputs": [],
   "source": [
    "#hw1 TSP one redo\n",
    "First_data_set = [[0, 633, 257,  91 ,412 ,150 , 80 ,134 ,259, 505 ,353 ,324 , 70 ,211 ,268 ,246, 121],\n",
    "[633 ,  0 ,390 ,661 ,227, 488 ,572 ,530, 555, 289 ,282 ,638, 567, 466 ,420 ,745, 518],\n",
    "[257, 390,   0 ,228, 169 ,112, 196, 154, 372, 262, 110, 437, 191,  74 , 53, 472, 142],\n",
    "[91 ,661, 228 ,  0, 383 ,120 , 77 ,105, 175 ,476 ,324 ,240,  27, 182, 239 ,237,  84],\n",
    "[412 ,227 ,169 ,383  , 0, 267, 351, 309, 338, 196,  61 ,421, 346, 243, 199 ,528, 297],\n",
    "[150 ,488 ,112 ,120, 267 ,  0,  63,  34, 264, 360, 208 ,329 , 83, 105 ,123, 364 , 35],\n",
    "[80 ,572 ,196 , 77, 351,  63,   0 , 29, 232, 444, 292, 297 , 47, 150 ,207, 332 , 29],\n",
    "[134 ,530 ,154, 105, 309 , 34,  29,   0, 249, 402, 250 ,314 , 68, 108 ,165 ,349 , 36],\n",
    "[259 ,555 ,372, 175, 338, 264, 232, 249,   0, 495 ,352 , 95, 189, 326 ,383, 202, 236],\n",
    "[505 ,289 ,262, 476, 196,360, 444, 402, 495 ,  0, 154, 578 ,439, 336, 240,685, 390],\n",
    "[353 ,282 ,110 ,324 , 61, 208, 292, 250, 352, 154 ,  0 ,435 ,287, 184, 140, 542, 238],\n",
    "[324 ,638 ,437 ,240 ,421, 329, 297, 314,  95, 578, 435 , 0 ,254 ,391 ,448, 157 ,301],\n",
    "[ 70 ,567 ,191 , 27 ,346 , 83,  47,  68, 189, 439 ,287 ,254 ,  0 ,145, 202, 289,  55],\n",
    "[211 ,466  ,74, 182 ,243, 105, 150, 108 ,326 ,336 ,184 ,391, 145 ,  0,  57, 426 , 96],\n",
    "[268 ,420 , 53, 239 ,199, 123, 207, 165, 383 ,240 ,140 ,448 ,202 , 57 ,  0, 483, 153],\n",
    "[246 ,745 ,472, 237 ,528, 364, 332, 349, 202 ,685 ,542 ,157 ,289, 426,483 ,  0, 336],\n",
    "[121 ,518 ,142 , 84 ,297,  35,  29 , 36 ,236 ,390, 238 ,301 , 55 , 96 ,153 ,336 ,  0 ] ] \n",
    "\n",
    "import random\n",
    "import numpy as np\n",
    "\n",
    "def readWeight(Traversalorder, Adjencymatrix):\n",
    "    weight = 0\n",
    "    for i in range(len(Traversalorder)-1):\n",
    "        current = Traversalorder[i]\n",
    "        currentplus1 = Traversalorder[i+1]\n",
    "        weight += Adjencymatrix[current][currentplus1]\n",
    "    return weight\n",
    "    \n",
    "def constructNaiveConnected(Adjencymatrix):\n",
    "    Resultarray = []\n",
    "    for i in range(len(Adjencymatrix)):\n",
    "        Resultarray.append(i)\n",
    "    Resultarray.append(0)\n",
    "    return Resultarray\n",
    "\n",
    "def constructPath(Adjencymatrix):\n",
    "    Array = list(range(1, len(Adjencymatrix)))\n",
    "    random.shuffle(Array)\n",
    "    return  [0] + Array + [0]\n",
    "\n",
    "\n"
   ]
  },
  {
   "cell_type": "code",
   "execution_count": 2,
   "id": "14a2f1d9",
   "metadata": {},
   "outputs": [],
   "source": [
    "def readfile(file):\n",
    "    filename = file\n",
    "    f = open(filename,'r')\n",
    "    \n",
    "    Res_arr = []\n",
    "    \n",
    "    \n",
    "    for line in f:\n",
    "        Row_arr = []\n",
    "        temp = line.split()\n",
    "        for i in temp:\n",
    "            Row_arr.append(int(i))\n",
    "        Res_arr.append(Row_arr)\n",
    "    return Res_arr\n",
    "\n",
    "Third_data_set = readfile(\"people.sc.fsu.edu_~jburkardt_datasets_tsp_att48_d.txt\")"
   ]
  },
  {
   "cell_type": "code",
   "execution_count": 3,
   "id": "3b569725",
   "metadata": {},
   "outputs": [],
   "source": [
    "Sec_data_set = [\n",
    "[     0  ,83 , 93 ,129 ,133, 139 ,151 ,169, 135, 114, 110 , 98,  99 , 95,  81, 152, 159, 181 ,172, 185, 147 ,157 ,185 ,220, 127, 181],\n",
    "[ 83   ,0 , 40 , 53  ,62 , 64 , 91 ,116 , 93 , 84 , 95 , 98,  89 , 68,  67, 127, 156, 175, 152, 165 ,160, 180 ,223 ,268, 179 ,197],\n",
    "[93  ,40  , 0 , 42  ,42 , 49 , 59  ,81 , 54 , 44 , 58 , 64 , 54 , 31 , 36 , 86, 117, 135 ,112, 125 ,124, 147, 193, 241, 157, 161],\n",
    "[129  ,53 , 42 ,  0 , 11 , 11 , 46  ,72 , 65 , 70 , 88 ,100 , 89  ,66 , 76, 102 ,142, 156, 127 ,139 ,155, 180, 228 ,278 ,197, 190],\n",
    "[133  ,62 , 42 , 11  , 0  , 9 , 35  ,61 , 55 , 62 , 82 , 95 , 84 , 62 , 74  ,93 ,133 ,146 ,117, 128, 148, 173 ,222, 272, 194, 182],\n",
    "[139  ,64 , 49 , 11  , 9  , 0 , 39  ,65 , 63 , 71 , 90 ,103, 92 , 71,  82 ,100, 141, 153 ,124, 135, 156, 181 ,230 ,280, 202 ,190],\n",
    "[151  ,91 , 59 , 46 , 35 , 39  , 0  ,26 , 34 , 52,  71 , 88 , 77 , 63 , 78,  66 ,110 ,119,  88 , 98 ,130 ,156, 206, 257, 188, 160],\n",
    "[169 ,116 , 81 , 72 , 61 , 65 , 26  , 0 , 37 , 59 , 75 , 92 , 83 , 76 , 91 , 54 , 98, 103 , 70 , 78, 122, 148, 198, 250, 188, 148],\n",
    "[135  ,93 , 54 , 65 , 55 , 63 , 34 , 37 ,  0 , 22 , 39 , 56 , 47 , 40 , 55 , 37 , 78 , 91,  62,  74,  96 ,122 ,172, 223, 155, 128],\n",
    "[114  ,84 , 44  ,70 , 62 , 71 , 52 , 59 , 22 ,  0 , 20 , 36 , 26 , 20 , 34 , 43 , 74,  91 , 68,  82,  86, 111, 160, 210, 136, 121],\n",
    "[110  ,95 , 58 , 88 , 82 , 90 , 71 , 75 , 39,20 ,  0 , 18 , 11 , 27 , 32 , 42 , 61,  80 , 64 , 77,  68,  92 ,140 ,190 ,116, 103],\n",
    "[98  ,98 , 64 ,100 , 95, 103 , 88  ,92 , 56 , 36,  18,   0  ,11,  34 , 31,  56 , 63  ,85 , 75,  87 , 62,  83, 129 ,178, 100 , 99],\n",
    "[99  ,89 , 54  ,89 , 84 , 92 , 77,  83 , 47 , 26  ,11 , 11 ,  0,  23 , 24 , 53 , 68 , 89,  74 , 87 , 71  ,93 ,140, 189 ,111, 107],\n",
    "[95  ,68 , 31 , 66 , 62, 71 , 63 , 76 , 40 , 20 , 27,  34 , 23,   0 , 15,  62 , 87 ,106 , 87, 100 , 93 ,116 ,163, 212, 132 ,130],\n",
    "[81  ,67 , 36  ,76 , 74 , 82 , 78 , 91 , 55,  34 , 32,  31 , 24 , 15 ,  0 , 73 , 92, 112 , 96, 109  ,93, 113, 158, 205 ,122 ,130],\n",
    "[152 ,127 , 86 ,102 , 93 ,100 , 66 , 54 , 37 , 43 , 42 , 56 , 53 , 62 , 73 ,  0 , 44 , 54 , 26 , 39 , 68 , 94, 144, 196 ,139 , 95],\n",
    "[159 ,156 ,117 ,142 ,133, 141, 110 , 98 , 78 , 74 , 61,  63 , 68 , 87 , 92 , 44  , 0 , 22 , 34 , 38 , 30  ,53, 102, 154, 109 , 51],\n",
    "[181 ,175 ,135 ,156, 146, 153 ,119, 103 , 91 , 91,  80,  85 , 89, 106 ,112 , 54 , 22  , 0 , 33  ,29 , 46 , 64 ,107 ,157, 125,  51],\n",
    "[172 ,152 ,112 ,127, 117, 124 , 88 , 70 , 62 , 68 , 64,  75 , 74 , 87 , 96 , 26 , 34 , 33  , 0  ,13 , 63,  87, 135, 186, 141 , 81],\n",
    "[185, 165, 125 ,139, 128, 135 , 98 , 78 , 74 , 82,  77,  87 , 87 ,100, 109 , 39  ,38 , 29 , 13  , 0  ,68 , 90, 136 ,186, 148,  79],\n",
    "[147, 160, 124 ,155 ,148, 156 ,130, 122 , 96 , 86 , 68,  62 , 71,  93  ,93  ,68 , 30  ,46 , 63 , 68 ,  0 , 26 , 77 ,128 , 80  ,37],\n",
    "[157 ,180, 147, 180, 173, 181, 156, 148, 122 ,111 , 92 , 83 , 93, 116, 113 , 94  ,53 , 64,  87 , 90 , 26,   0 , 50 ,102 , 65,  27],\n",
    "[185 ,223, 193, 228, 222, 230 ,206,198, 172, 160 ,140, 129, 140, 163, 158, 144 ,102 ,107 ,135, 136 , 77 , 50  , 0 , 51 , 64 , 58],\n",
    "[220 ,268, 241, 278 ,272, 280, 257, 250,223, 210, 190 ,178 ,189 ,212, 205 ,196, 154 ,157, 186 ,186, 128, 102 , 51 ,  0 , 93, 107],\n",
    "[ 127 ,179, 157, 197, 194, 202, 188 ,188, 155 ,136 ,116 ,100,111, 132 ,122 ,139, 109, 125, 141 ,148 , 80 , 65 , 64 , 93  , 0 , 90],\n",
    "[ 181, 197, 161 ,190 ,182, 190, 160 ,148 ,128, 121 ,103,  99 ,107 ,130 ,130 , 95  ,51 , 51 , 81  ,79 , 37 , 27,  58, 107,  90  , 0]\n",
    "]"
   ]
  },
  {
   "cell_type": "code",
   "execution_count": 4,
   "id": "0313c3b7",
   "metadata": {},
   "outputs": [],
   "source": [
    "import matplotlib.pyplot as plt\n",
    "import copy\n",
    "connectedT1 = constructNaiveConnected(First_data_set)\n",
    "\n",
    "\n",
    "def edgeSwappingAlgo(MAX_ITERATION, Path, Data_set):\n",
    "    bestweight = readWeight(Path, Data_set)\n",
    "    newweight =  readWeight(Path, Data_set)\n",
    "    count = 0;\n",
    "    Result_arr = []\n",
    "    \n",
    "    while count < MAX_ITERATION:\n",
    "        \n",
    "        Result_arr.append(bestweight)\n",
    "        \n",
    "        i = random.randint(1, len(Path) - 2)\n",
    "        j =  random.randint(1, len(Path) - 2)\n",
    "        \n",
    "        while(i == j or abs(i - j) < 1):\n",
    "            j =  random.randint(1, len(Path) - 2)   \n",
    "        if i > j:\n",
    "            temp = i\n",
    "            i = j\n",
    "            j = temp\n",
    "            \n",
    "        tempPath = copy.deepcopy(Path)\n",
    "        tempPath = tempPath[0:i] + tempPath[i:j+1][::-1] + tempPath[j+1:]\n",
    "            \n",
    "        newweight = readWeight(tempPath , Data_set)\n",
    "        if(newweight < bestweight):\n",
    "            Path = tempPath \n",
    "            bestweight = newweight\n",
    "        count = count + 1\n",
    "        \n",
    "        #print(bestweight)\n",
    "        \n",
    "    return Result_arr \n",
    "\n",
    "def swapPointAlgo(MAX_ITERATION, Path, Data_set):\n",
    "    Result_arr = []\n",
    "    currentBest = readWeight(Path, Data_set) \n",
    "    currentweight = readWeight(Path, Data_set) \n",
    "    \n",
    "    for i in range(MAX_ITERATION):\n",
    "        Result_arr.append(currentBest)\n",
    "        val1= random.randint(1, len(Path)-2)\n",
    "        val2= random.randint(1, len(Path)-2)\n",
    "        while val1 == val2:\n",
    "            val2= random.randint(1, len(Path)-2)\n",
    "            \n",
    "        temp = Path[val1] \n",
    "        Path[val1] = Path[val2] \n",
    "        Path[val2] = temp\n",
    "        currentweight = readWeight(Path, Data_set)\n",
    "        if currentweight > currentBest:\n",
    "            temp = Path[val1] \n",
    "            Path[val1] = Path[val2] \n",
    "            Path[val2] = temp\n",
    "            currentweight = readWeight(Path, Data_set)\n",
    "        else:\n",
    "            currentBest = currentweight\n",
    "        #print(currentBest)\n",
    "        \n",
    "    return Result_arr\n",
    "\n",
    "def randomAlgo(MAX_ITERATION, Path, Data_set):\n",
    "    Result_arr = []\n",
    "    currentBest = readWeight(Path, Data_set)\n",
    "    \n",
    "    for i in range(MAX_ITERATION):\n",
    "        Result_arr.append(currentBest)\n",
    "        middle = Path[1: len(Path)-1]\n",
    "        random.shuffle(middle)\n",
    "        Newpath = Path[0:1] + middle +  Path[len(Path)-1:]\n",
    "\n",
    "        if readWeight(Newpath, Data_set) < currentBest:\n",
    "            currentBest = readWeight(Newpath, Data_set)\n",
    "            Path = Newpath\n",
    "    return Result_arr\n",
    "\n",
    "def getAvg(ListofList): \n",
    "    ReturnList = []\n",
    "    for iteration in range(len(ListofList[0])):\n",
    "        total = 0\n",
    "        for trial in range(len(ListofList)):\n",
    "            total += ListofList[trial][iteration]\n",
    "        ReturnList.append(total/ len(ListofList))\n",
    "    return ReturnList\n",
    "def getMinimum(ListofList):\n",
    "    minnest = 99999999\n",
    "    for i in range(len(ListofList)):\n",
    "        if ListofList[i][len(ListofList[0])-1] < minnest:\n",
    "            minnest = ListofList[i][len(ListofList[0])-1]\n",
    "            \n",
    "    return minnest\n",
    "\n",
    "        \n",
    "\n",
    "def runSimulation(trials, MAX_ITERATION, Data_set, Key_word):\n",
    "\n",
    "    IndexList = range(MAX_ITERATION)\n",
    "    EdgeswapTotal = []\n",
    "    SwapPointTotal = [] \n",
    "    RandomTotal = []\n",
    "    \n",
    "    for trial in range(trials):\n",
    "        edgelist = []\n",
    "        swaplist = []\n",
    "        randomlist = []\n",
    "        random.seed(trial)\n",
    "        \n",
    "        path = constructPath(Data_set)\n",
    "        path2 = path.copy()\n",
    "        path3 = path.copy()\n",
    "\n",
    "        EdgeswapTotal.append( edgeSwappingAlgo(MAX_ITERATION, path, Data_set))\n",
    "        SwapPointTotal.append( swapPointAlgo(MAX_ITERATION, path2, Data_set))\n",
    "        RandomTotal.append(randomAlgo(MAX_ITERATION, path3, Data_set))\n",
    "        \n",
    "    EdgeswapAvg = getAvg(EdgeswapTotal)\n",
    "    SwappointAvg = getAvg( SwapPointTotal)\n",
    "    RandomAvg = getAvg(  RandomTotal)\n",
    "    \n",
    "    print(\"Global min for Edgeswap\",getMinimum(EdgeswapTotal))\n",
    "    print(\"Global min for Swappoint\",getMinimum(SwapPointTotal))\n",
    "    print(\"Global min for Random\", getMinimum(RandomTotal))\n",
    "    \n",
    "    plt.plot(IndexList, EdgeswapAvg, label = Key_word + \", Edgeswap\")\n",
    "    plt.plot(IndexList, SwappointAvg, label =  Key_word+ \", Swappoint\")\n",
    "    plt.plot(IndexList, RandomAvg, label =  Key_word+ \", Random\")\n",
    "    plt.ylabel('miles')\n",
    "    plt.xlabel('iteration')\n",
    "    plt.legend()\n",
    "    plt.show()\n",
    "\n",
    "\n",
    "\n",
    "            "
   ]
  },
  {
   "cell_type": "code",
   "execution_count": null,
   "id": "0cb5cebf",
   "metadata": {},
   "outputs": [
    {
     "ename": "NameError",
     "evalue": "name 'runSimulation' is not defined",
     "output_type": "error",
     "traceback": [
      "\u001b[1;31m---------------------------------------------------------------------------\u001b[0m",
      "\u001b[1;31mNameError\u001b[0m                                 Traceback (most recent call last)",
      "\u001b[1;32mc:\\Users\\tath\\Heuristic Optimization T1 2023\\Heuristic_Optimization_-T1_2023-\\HW1.ipynb Cell 5\u001b[0m line \u001b[0;36m2\n\u001b[0;32m      <a href='vscode-notebook-cell:/c%3A/Users/tath/Heuristic%20Optimization%20T1%202023/Heuristic_Optimization_-T1_2023-/HW1.ipynb#W4sZmlsZQ%3D%3D?line=0'>1</a>\u001b[0m \u001b[39m#edgeSwappingAlgo(10,constructPath(First_data_set ), First_data_set )\u001b[39;00m\n\u001b[1;32m----> <a href='vscode-notebook-cell:/c%3A/Users/tath/Heuristic%20Optimization%20T1%202023/Heuristic_Optimization_-T1_2023-/HW1.ipynb#W4sZmlsZQ%3D%3D?line=1'>2</a>\u001b[0m runSimulation(\u001b[39m20\u001b[39m,\u001b[39m1000\u001b[39m, First_data_set, \u001b[39m\"\u001b[39m\u001b[39mGR17\u001b[39m\u001b[39m\"\u001b[39m)\n",
      "\u001b[1;31mNameError\u001b[0m: name 'runSimulation' is not defined"
     ]
    }
   ],
   "source": [
    "#edgeSwappingAlgo(10,constructPath(First_data_set ), First_data_set )\n",
    "runSimulation(20,1000, First_data_set, \"GR17\")\n"
   ]
  },
  {
   "cell_type": "code",
   "execution_count": 5,
   "id": "07a36309",
   "metadata": {},
   "outputs": [
    {
     "ename": "KeyboardInterrupt",
     "evalue": "",
     "output_type": "error",
     "traceback": [
      "\u001b[1;31m---------------------------------------------------------------------------\u001b[0m",
      "\u001b[1;31mKeyboardInterrupt\u001b[0m                         Traceback (most recent call last)",
      "\u001b[1;32mc:\\Users\\tath\\Heuristic Optimization T1 2023\\Heuristic_Optimization_-T1_2023-\\HW1.ipynb Cell 6\u001b[0m line \u001b[0;36m1\n\u001b[1;32m----> <a href='vscode-notebook-cell:/c%3A/Users/tath/Heuristic%20Optimization%20T1%202023/Heuristic_Optimization_-T1_2023-/HW1.ipynb#W5sZmlsZQ%3D%3D?line=0'>1</a>\u001b[0m runSimulation(\u001b[39m1000\u001b[39;49m,\u001b[39m600\u001b[39;49m, Sec_data_set, \u001b[39m\"\u001b[39;49m\u001b[39mFRI26\u001b[39;49m\u001b[39m\"\u001b[39;49m)\n",
      "\u001b[1;32mc:\\Users\\tath\\Heuristic Optimization T1 2023\\Heuristic_Optimization_-T1_2023-\\HW1.ipynb Cell 6\u001b[0m line \u001b[0;36m1\n\u001b[0;32m    <a href='vscode-notebook-cell:/c%3A/Users/tath/Heuristic%20Optimization%20T1%202023/Heuristic_Optimization_-T1_2023-/HW1.ipynb#W5sZmlsZQ%3D%3D?line=115'>116</a>\u001b[0m     EdgeswapTotal\u001b[39m.\u001b[39mappend( edgeSwappingAlgo(MAX_ITERATION, path, Data_set))\n\u001b[0;32m    <a href='vscode-notebook-cell:/c%3A/Users/tath/Heuristic%20Optimization%20T1%202023/Heuristic_Optimization_-T1_2023-/HW1.ipynb#W5sZmlsZQ%3D%3D?line=116'>117</a>\u001b[0m     SwapPointTotal\u001b[39m.\u001b[39mappend( swapPointAlgo(MAX_ITERATION, path2, Data_set))\n\u001b[1;32m--> <a href='vscode-notebook-cell:/c%3A/Users/tath/Heuristic%20Optimization%20T1%202023/Heuristic_Optimization_-T1_2023-/HW1.ipynb#W5sZmlsZQ%3D%3D?line=117'>118</a>\u001b[0m     RandomTotal\u001b[39m.\u001b[39mappend(randomAlgo(MAX_ITERATION, path3, Data_set))\n\u001b[0;32m    <a href='vscode-notebook-cell:/c%3A/Users/tath/Heuristic%20Optimization%20T1%202023/Heuristic_Optimization_-T1_2023-/HW1.ipynb#W5sZmlsZQ%3D%3D?line=119'>120</a>\u001b[0m EdgeswapAvg \u001b[39m=\u001b[39m getAvg(EdgeswapTotal)\n\u001b[0;32m    <a href='vscode-notebook-cell:/c%3A/Users/tath/Heuristic%20Optimization%20T1%202023/Heuristic_Optimization_-T1_2023-/HW1.ipynb#W5sZmlsZQ%3D%3D?line=120'>121</a>\u001b[0m SwappointAvg \u001b[39m=\u001b[39m getAvg( SwapPointTotal)\n",
      "\u001b[1;32mc:\\Users\\tath\\Heuristic Optimization T1 2023\\Heuristic_Optimization_-T1_2023-\\HW1.ipynb Cell 6\u001b[0m line \u001b[0;36m7\n\u001b[0;32m     <a href='vscode-notebook-cell:/c%3A/Users/tath/Heuristic%20Optimization%20T1%202023/Heuristic_Optimization_-T1_2023-/HW1.ipynb#W5sZmlsZQ%3D%3D?line=72'>73</a>\u001b[0m random\u001b[39m.\u001b[39mshuffle(middle)\n\u001b[0;32m     <a href='vscode-notebook-cell:/c%3A/Users/tath/Heuristic%20Optimization%20T1%202023/Heuristic_Optimization_-T1_2023-/HW1.ipynb#W5sZmlsZQ%3D%3D?line=73'>74</a>\u001b[0m Newpath \u001b[39m=\u001b[39m Path[\u001b[39m0\u001b[39m:\u001b[39m1\u001b[39m] \u001b[39m+\u001b[39m middle \u001b[39m+\u001b[39m  Path[\u001b[39mlen\u001b[39m(Path)\u001b[39m-\u001b[39m\u001b[39m1\u001b[39m:]\n\u001b[1;32m---> <a href='vscode-notebook-cell:/c%3A/Users/tath/Heuristic%20Optimization%20T1%202023/Heuristic_Optimization_-T1_2023-/HW1.ipynb#W5sZmlsZQ%3D%3D?line=75'>76</a>\u001b[0m \u001b[39mif\u001b[39;00m readWeight(Newpath, Data_set) \u001b[39m<\u001b[39m currentBest:\n\u001b[0;32m     <a href='vscode-notebook-cell:/c%3A/Users/tath/Heuristic%20Optimization%20T1%202023/Heuristic_Optimization_-T1_2023-/HW1.ipynb#W5sZmlsZQ%3D%3D?line=76'>77</a>\u001b[0m     currentBest \u001b[39m=\u001b[39m readWeight(Newpath, Data_set)\n\u001b[0;32m     <a href='vscode-notebook-cell:/c%3A/Users/tath/Heuristic%20Optimization%20T1%202023/Heuristic_Optimization_-T1_2023-/HW1.ipynb#W5sZmlsZQ%3D%3D?line=77'>78</a>\u001b[0m     Path \u001b[39m=\u001b[39m Newpath\n",
      "\u001b[1;32mc:\\Users\\tath\\Heuristic Optimization T1 2023\\Heuristic_Optimization_-T1_2023-\\HW1.ipynb Cell 6\u001b[0m line \u001b[0;36m2\n\u001b[0;32m     <a href='vscode-notebook-cell:/c%3A/Users/tath/Heuristic%20Optimization%20T1%202023/Heuristic_Optimization_-T1_2023-/HW1.ipynb#W5sZmlsZQ%3D%3D?line=24'>25</a>\u001b[0m \u001b[39mfor\u001b[39;00m i \u001b[39min\u001b[39;00m \u001b[39mrange\u001b[39m(\u001b[39mlen\u001b[39m(Traversalorder)\u001b[39m-\u001b[39m\u001b[39m1\u001b[39m):\n\u001b[0;32m     <a href='vscode-notebook-cell:/c%3A/Users/tath/Heuristic%20Optimization%20T1%202023/Heuristic_Optimization_-T1_2023-/HW1.ipynb#W5sZmlsZQ%3D%3D?line=25'>26</a>\u001b[0m     current \u001b[39m=\u001b[39m Traversalorder[i]\n\u001b[1;32m---> <a href='vscode-notebook-cell:/c%3A/Users/tath/Heuristic%20Optimization%20T1%202023/Heuristic_Optimization_-T1_2023-/HW1.ipynb#W5sZmlsZQ%3D%3D?line=26'>27</a>\u001b[0m     currentplus1 \u001b[39m=\u001b[39m Traversalorder[i\u001b[39m+\u001b[39;49m\u001b[39m1\u001b[39;49m]\n\u001b[0;32m     <a href='vscode-notebook-cell:/c%3A/Users/tath/Heuristic%20Optimization%20T1%202023/Heuristic_Optimization_-T1_2023-/HW1.ipynb#W5sZmlsZQ%3D%3D?line=27'>28</a>\u001b[0m     weight \u001b[39m+\u001b[39m\u001b[39m=\u001b[39m Adjencymatrix[current][currentplus1]\n\u001b[0;32m     <a href='vscode-notebook-cell:/c%3A/Users/tath/Heuristic%20Optimization%20T1%202023/Heuristic_Optimization_-T1_2023-/HW1.ipynb#W5sZmlsZQ%3D%3D?line=28'>29</a>\u001b[0m \u001b[39mreturn\u001b[39;00m weight\n",
      "\u001b[1;31mKeyboardInterrupt\u001b[0m: "
     ]
    }
   ],
   "source": [
    "runSimulation(1000,600, Sec_data_set, \"FRI26\")"
   ]
  },
  {
   "cell_type": "code",
   "execution_count": 69,
   "id": "d9a74709",
   "metadata": {},
   "outputs": [
    {
     "name": "stdout",
     "output_type": "stream",
     "text": [
      "Global min for Edgeswap 37395\n",
      "Global min for Swappoint 48548\n",
      "Global min for Random 102736\n"
     ]
    },
    {
     "data": {
