{
 "cells": [
  {
   "cell_type": "code",
   "execution_count": 11,
   "id": "7b4e8db0",
   "metadata": {},
   "outputs": [
    {
     "name": "stdout",
     "output_type": "stream",
     "text": [
      "left:  -21 left val: 383\n",
      "left:  -20 left val: 345\n",
      "left:  -19 left val: 309\n",
      "left:  -18 left val: 275\n",
      "left:  -17 left val: 243\n",
      "left:  -16 left val: 213\n",
      "left:  -15 left val: 185\n",
      "left:  -14 left val: 159\n",
      "left:  -13 left val: 135\n",
      "left:  -12 left val: 113\n",
      "left:  -11 left val: 93\n",
      "left:  -10 left val: 75\n",
      "left:  -9 left val: 59\n",
      "left:  -8 left val: 45\n",
      "left:  -7 left val: 33\n",
      "left:  -6 left val: 23\n",
      "left:  -5 left val: 15\n",
      "left:  -4 left val: 9\n",
      "left:  -3 left val: 5\n",
      "-2\n"
     ]
    }
   ],
   "source": [
    "#hw0\n",
    "def f(x):\n",
    "    return x*x + 3*x +5\n",
    "\n",
    "right = 0\n",
    "left = 0\n",
    "curr = -20\n",
    "\n",
    "while True:\n",
    "    right = curr +1\n",
    "    left = curr -1 \n",
    "    print(\"left: \", left, \"left val:\", f(left) )\n",
    "    \n",
    "    if (f(left) > f(curr)) and (f(right) < f(curr)):\n",
    "        curr = right\n",
    "        continue\n",
    "    if (f(left) < f(curr)) and (f(right) > f(curr)):\n",
    "        curr = left\n",
    "        continue \n",
    "    if (f(left) == f(curr)) or (f(right)  == f(curr) or curr >=20 or curr <=20):\n",
    "        break\n",
    "print(curr)\n",
    "    "
   ]
  },
  {
   "cell_type": "code",
   "execution_count": 2,
   "id": "af1bdb69",
   "metadata": {},
   "outputs": [
    {
     "ename": "SyntaxError",
     "evalue": "invalid syntax (2957625440.py, line 104)",
     "output_type": "error",
     "traceback": [
      "\u001b[1;36m  File \u001b[1;32m\"C:\\Users\\tath\\AppData\\Local\\Temp\\ipykernel_28704\\2957625440.py\"\u001b[1;36m, line \u001b[1;32m104\u001b[0m\n\u001b[1;33m    Temp_list.append([,i+1])\u001b[0m\n\u001b[1;37m                      ^\u001b[0m\n\u001b[1;31mSyntaxError\u001b[0m\u001b[1;31m:\u001b[0m invalid syntax\n"
     ]
    }
   ],
   "source": [
    "#hw1 TSP one\n",
    "class Graph:\n",
    "    # Constructor\n",
    "    def __init__(self, num_of_nodes, directed=True):\n",
    "        self.num_of_nodes = num_of_nodes\n",
    "        self.edgelist = []\n",
    "    def add_edge(self, node1, node2, weight=1):        \n",
    "        self.edgelist.append([node1, node2, weight])\n",
    "    def print_edgelist(self):\n",
    "        num_of_edges = len(self.edgelist)\n",
    "        for i in range(num_of_edges):\n",
    "            print(\"edge \", i, \": \", self.edgelist[i])\n",
    "            \n",
    "def getEdge(node1, node2, edgelist):\n",
    "    for edge in edgelist:\n",
    "        if((node1 == edge[0]) and (node2 == edge[1])) or ((node1 == edge[1]) and (node2 == edge[0])):\n",
    "            return edge\n",
    "    return None\n",
    "\n",
    "def isEdgeinConnectedList(edge1, edge2, connectedList):\n",
    "    for edge in connectedList:\n",
    "        if (edge1[0] == edge[0] and edge1[1] == edge[1]) or (edge1[0] == edge[1] and edge1[1] == edge[0]):\n",
    "            return True\n",
    "        if (edge2[0] == edge[0] and edge2[1] == edge[1]) or (edge2[0] == edge[1] and edge2[1] == edge[0]):\n",
    "            return True\n",
    "    return False\n",
    "\n",
    "def isSwappable(edge1, edge2, edgelist, connectedList):\n",
    "    if edge1[0] == edge2[0] or edge1[0] == edge2[1]: \n",
    "        return False\n",
    "    if edge1[1] == edge2[0] or edge1[1] == edge2[1]:\n",
    "        return False\n",
    "    else:\n",
    "        new_edge1 = getEdge(edge1[0], edge2[0], edgelist)\n",
    "        new_edge2 = getEdge(edge1[1], edge2[1], edgelist)\n",
    "        if(new_edge1== None or new_edge2 == None):\n",
    "            return False\n",
    "        elif(isEdgeinConnectedList(new_edge1, new_edge2, connectedList)):\n",
    "            return False\n",
    "        else:\n",
    "            new_weight = new_edge1[2] + new_edge2[2]\n",
    "            old_weight = edge1[2] + edge2[2]\n",
    "\n",
    "            if old_weight < new_weight:\n",
    "                return False\n",
    "            else:\n",
    "                return True \n",
    "            \n",
    "def swapEdges(edge1, edge2, edgelist, connectedList):\n",
    "    new_edge1 = getEdge(edge1[0], edge2[0], edgelist)\n",
    "    new_edge2 = getEdge(edge1[1], edge2[1], edgelist)\n",
    "    print(\"current connected\", connectedList)\n",
    "    print(\"swapping\", edge1,edge2, \"with\",new_edge1, new_edge2)\n",
    "    connectedList.remove(edge1)\n",
    "    connectedList.remove(edge2)\n",
    "    connectedList.append(new_edge1 )\n",
    "    connectedList.append(new_edge2 )\n",
    "    \n",
    "def totalWeight(edgelist):\n",
    "    res_weight = 0\n",
    "    for edge in edgelist:\n",
    "        res_weight += edgelist[2]\n",
    "    return res_weight\n",
    "\n",
    "graph = Graph(5)\n",
    "graph.add_edge(\"A\", \"B\", 7)\n",
    "graph.add_edge(\"A\", \"C\", 7)\n",
    "graph.add_edge(\"A\", \"D\", 3)\n",
    "graph.add_edge(\"A\", \"E\", 8)\n",
    "graph.add_edge(\"B\", \"C\", 7)\n",
    "graph.add_edge(\"B\", \"D\", 5)\n",
    "graph.add_edge(\"B\", \"E\", 3)\n",
    "graph.add_edge(\"C\", \"D\", 8)\n",
    "graph.add_edge(\"C\", \"E\", 5)\n",
    "graph.add_edge(\"D\", \"E\", 7)\n",
    "#graph.print_edgelist()\n",
    "#print(swappable(graph.edgelist[0],graph.edgelist[7]))\n",
    "\n",
    "joined_edges = []\n",
    "joined_edges.append(graph.edgelist[0])\n",
    "joined_edges.append(graph.edgelist[3])\n",
    "joined_edges.append(graph.edgelist[4])\n",
    "joined_edges.append(graph.edgelist[7])\n",
    "joined_edges.append(graph.edgelist[9])\n",
    "\n",
    "\n",
    "def repeat(edgeList, joined_edges):\n",
    "    \n",
    "    for e1 in joined_edges:\n",
    "        for e2 in joined_edges:\n",
    "            if(isSwappable(e1,e2,edgeList, joined_edges)):\n",
    "                swapEdges(e1, e2, graph.edgelist, joined_edges)\n",
    "                repeat(edgeList, joined_edges)\n",
    "                break\n",
    "\n",
    "repeat(graph.edgelist,joined_edges)\n",
    "\n",
    "\n",
    "graph2 = Graph(17)\n",
    "\n",
    "for i in range(len(First_data_set)-1):\n",
    "        graph2.add_edge(i, i+1, First_data_set[i][i+1])\n",
    "        \n",
    "        Temp_list.append([,i+1])\n",
    "        Temp_list.append([len()-1,0])\n",
    "\n",
    "\n",
    "\n",
    "\n"
   ]
  },
  {
   "cell_type": "code",
   "execution_count": 32,
   "id": "c6df35d5",
   "metadata": {},
   "outputs": [],
   "source": [
    "#hw1 TSP one redo\n",
    "First_data_set = [[0, 633, 257,  91 ,412 ,150 , 80 ,134 ,259, 505 ,353 ,324 , 70 ,211 ,268 ,246, 121],\n",
    "[633 ,  0 ,390 ,661 ,227, 488 ,572 ,530, 555, 289 ,282 ,638, 567, 466 ,420 ,745, 518],\n",
    "[257, 390,   0 ,228, 169 ,112, 196, 154, 372, 262, 110, 437, 191,  74 , 53, 472, 142],\n",
    "[91 ,661, 228 ,  0, 383 ,120 , 77 ,105, 175 ,476 ,324 ,240,  27, 182, 239 ,237,  84],\n",
    "[412 ,227 ,169 ,383  , 0, 267, 351, 309, 338, 196,  61 ,421, 346, 243, 199 ,528, 297],\n",
    "[150 ,488 ,112 ,120, 267 ,  0,  63,  34, 264, 360, 208 ,329 , 83, 105 ,123, 364 , 35],\n",
    "[80 ,572 ,196 , 77, 351,  63,   0 , 29, 232, 444, 292, 297 , 47, 150 ,207, 332 , 29],\n",
    "[134 ,530 ,154, 105, 309 , 34,  29,   0, 249, 402, 250 ,314 , 68, 108 ,165 ,349 , 36],\n",
    "[259 ,555 ,372, 175, 338, 264, 232, 249,   0, 495 ,352 , 95, 189, 326 ,383, 202, 236],\n",
    "[505 ,289 ,262, 476, 196,360, 444, 402, 495 ,  0, 154, 578 ,439, 336, 240,685, 390],\n",
    "[353 ,282 ,110 ,324 , 61, 208, 292, 250, 352, 154 ,  0 ,435 ,287, 184, 140, 542, 238],\n",
    "[324 ,638 ,437 ,240 ,421, 329, 297, 314,  95, 578, 435 , 0 ,254 ,391 ,448, 157 ,301],\n",
    "[ 70 ,567 ,191 , 27 ,346 , 83,  47,  68, 189, 439 ,287 ,254 ,  0 ,145, 202, 289,  55],\n",
    "[211 ,466  ,74, 182 ,243, 105, 150, 108 ,326 ,336 ,184 ,391, 145 ,  0,  57, 426 , 96],\n",
    "[268 ,420 , 53, 239 ,199, 123, 207, 165, 383 ,240 ,140 ,448 ,202 , 57 ,  0, 483, 153],\n",
    "[246 ,745 ,472, 237 ,528, 364, 332, 349, 202 ,685 ,542 ,157 ,289, 426,483 ,  0, 336],\n",
    "[121 ,518 ,142 , 84 ,297,  35,  29 , 36 ,236 ,390, 238 ,301 , 55 , 96 ,153 ,336 ,  0 ] ] \n",
    "\n",
    "Sec_data_set = [\n",
    "[     0  ,83 , 93 ,129 ,133, 139 ,151 ,169, 135, 114, 110 , 98,  99 , 95,  81, 152, 159, 181 ,172, 185, 147 ,157 ,185 ,220, 127, 181],\n",
    "[ 83   ,0 , 40 , 53  ,62 , 64 , 91 ,116 , 93 , 84 , 95 , 98,  89 , 68,  67, 127, 156, 175, 152, 165 ,160, 180 ,223 ,268, 179 ,197],\n",
    "[93  ,40  , 0 , 42  ,42 , 49 , 59  ,81 , 54 , 44 , 58 , 64 , 54 , 31 , 36 , 86, 117, 135 ,112, 125 ,124, 147, 193, 241, 157, 161],\n",
    "[129  ,53 , 42 ,  0 , 11 , 11 , 46  ,72 , 65 , 70 , 88 ,100 , 89  ,66 , 76, 102 ,142, 156, 127 ,139 ,155, 180, 228 ,278 ,197, 190],\n",
    "[133  ,62 , 42 , 11  , 0  , 9 , 35  ,61 , 55 , 62 , 82 , 95 , 84 , 62 , 74  ,93 ,133 ,146 ,117, 128, 148, 173 ,222, 272, 194, 182],\n",
    "[139  ,64 , 49 , 11  , 9  , 0 , 39  ,65 , 63 , 71 , 90 ,103, 92 , 71,  82 ,100, 141, 153 ,124, 135, 156, 181 ,230 ,280, 202 ,190],\n",
    "[151  ,91 , 59 , 46 , 35 , 39  , 0  ,26 , 34 , 52,  71 , 88 , 77 , 63 , 78,  66 ,110 ,119,  88 , 98 ,130 ,156, 206, 257, 188, 160],\n",
    "[169 ,116 , 81 , 72 , 61 , 65 , 26  , 0 , 37 , 59 , 75 , 92 , 83 , 76 , 91 , 54 , 98, 103 , 70 , 78, 122, 148, 198, 250, 188, 148],\n",
    "[135  ,93 , 54 , 65 , 55 , 63 , 34 , 37 ,  0 , 22 , 39 , 56 , 47 , 40 , 55 , 37 , 78 , 91,  62,  74,  96 ,122 ,172, 223, 155, 128],\n",
    "[114  ,84 , 44  ,70 , 62 , 71 , 52 , 59 , 22 ,  0 , 20 , 36 , 26 , 20 , 34 , 43 , 74,  91 , 68,  82,  86, 111, 160, 210, 136, 121],\n",
    "[110  ,95 , 58 , 88 , 82 , 90 , 71 , 75 , 39,20 ,  0 , 18 , 11 , 27 , 32 , 42 , 61,  80 , 64 , 77,  68,  92 ,140 ,190 ,116, 103],\n",
    "[98  ,98 , 64 ,100 , 95, 103 , 88  ,92 , 56 , 36,  18,   0  ,11,  34 , 31,  56 , 63  ,85 , 75,  87 , 62,  83, 129 ,178, 100 , 99],\n",
    "[99  ,89 , 54  ,89 , 84 , 92 , 77,  83 , 47 , 26  ,11 , 11 ,  0,  23 , 24 , 53 , 68 , 89,  74 , 87 , 71  ,93 ,140, 189 ,111, 107],\n",
    "[95  ,68 , 31 , 66 , 62, 71 , 63 , 76 , 40 , 20 , 27,  34 , 23,   0 , 15,  62 , 87 ,106 , 87, 100 , 93 ,116 ,163, 212, 132 ,130],\n",
    "[81  ,67 , 36  ,76 , 74 , 82 , 78 , 91 , 55,  34 , 32,  31 , 24 , 15 ,  0 , 73 , 92, 112 , 96, 109  ,93, 113, 158, 205 ,122 ,130],\n",
    "[152 ,127 , 86 ,102 , 93 ,100 , 66 , 54 , 37 , 43 , 42 , 56 , 53 , 62 , 73 ,  0 , 44 , 54 , 26 , 39 , 68 , 94, 144, 196 ,139 , 95],\n",
    "[159 ,156 ,117 ,142 ,133, 141, 110 , 98 , 78 , 74 , 61,  63 , 68 , 87 , 92 , 44  , 0 , 22 , 34 , 38 , 30  ,53, 102, 154, 109 , 51],\n",
    "[181 ,175 ,135 ,156, 146, 153 ,119, 103 , 91 , 91,  80,  85 , 89, 106 ,112 , 54 , 22  , 0 , 33  ,29 , 46 , 64 ,107 ,157, 125,  51],\n",
    "[172 ,152 ,112 ,127, 117, 124 , 88 , 70 , 62 , 68 , 64,  75 , 74 , 87 , 96 , 26 , 34 , 33  , 0  ,13 , 63,  87, 135, 186, 141 , 81],\n",
    "[185, 165, 125 ,139, 128, 135 , 98 , 78 , 74 , 82,  77,  87 , 87 ,100, 109 , 39  ,38 , 29 , 13  , 0  ,68 , 90, 136 ,186, 148,  79],\n",
    "[147, 160, 124 ,155 ,148, 156 ,130, 122 , 96 , 86 , 68,  62 , 71,  93  ,93  ,68 , 30  ,46 , 63 , 68 ,  0 , 26 , 77 ,128 , 80  ,37],\n",
    "[157 ,180, 147, 180, 173, 181, 156, 148, 122 ,111 , 92 , 83 , 93, 116, 113 , 94  ,53 , 64,  87 , 90 , 26,   0 , 50 ,102 , 65,  27],\n",
    "[185 ,223, 193, 228, 222, 230 ,206,198, 172, 160 ,140, 129, 140, 163, 158, 144 ,102 ,107 ,135, 136 , 77 , 50  , 0 , 51 , 64 , 58],\n",
    "[220 ,268, 241, 278 ,272, 280, 257, 250,223, 210, 190 ,178 ,189 ,212, 205 ,196, 154 ,157, 186 ,186, 128, 102 , 51 ,  0 , 93, 107],\n",
    "[ 127 ,179, 157, 197, 194, 202, 188 ,188, 155 ,136 ,116 ,100,111, 132 ,122 ,139, 109, 125, 141 ,148 , 80 , 65 , 64 , 93  , 0 , 90],\n",
    "[ 181, 197, 161 ,190 ,182, 190, 160 ,148 ,128, 121 ,103,  99 ,107 ,130 ,130 , 95  ,51 , 51 , 81  ,79 , 37 , 27,  58, 107,  90  , 0]\n",
    "]"
   ]
  },
  {
   "cell_type": "code",
   "execution_count": 23,
   "id": "3f971e7d",
   "metadata": {},
   "outputs": [],
   "source": [
    "def readfile(file):\n",
    "    filename = file\n",
    "    f = open(filename,'r')\n",
    "    header_line = f.readline()\n",
    "    Res_arr = []\n",
    "    \n",
    "    \n",
    "    for line in f:\n",
    "        Row_arr = []\n",
    "        temp = line.split()\n",
    "        for i in temp:\n",
    "            Row_arr.append(i)\n",
    "        Res_arr.append(Row_arr)\n",
    "    return Res_arr\n",
    "\n",
    "    \n",
    "gay = readfile(\"people.sc.fsu.edu_~jburkardt_datasets_tsp_att48_d.txt\")\n",
    "\n"
   ]
  },
  {
   "cell_type": "code",
   "execution_count": 28,
   "id": "4e6ecb96",
   "metadata": {},
   "outputs": [
    {
     "name": "stdout",
     "output_type": "stream",
     "text": [
      "[0, 14, 2, 10, 9, 1, 4, 8, 11, 15, 3, 12, 16, 13, 5, 7, 6, 0]\n",
      "2354\n",
      "2727\n",
      "2581\n"
     ]
    }
   ],
   "source": [
    "import random\n",
    "random.seed(10)\n",
    "import numpy as np\n",
    "\n",
    "def readWeight(Traversalorder, Adjencymatrix):\n",
    "    weight = 0\n",
    "    for i in range(len(Traversalorder)-1):\n",
    "        current = Traversalorder[i]\n",
    "        currentplus1 = Traversalorder[i+1]\n",
    "        weight += Adjencymatrix[current][currentplus1]\n",
    "    return weight\n",
    "    \n",
    "def constructNaiveConnected(Adjencymatrix):\n",
    "    Resultarray = []\n",
    "    for i in range(len(Adjencymatrix)):\n",
    "        Resultarray.append(i)\n",
    "    Resultarray.append(0)\n",
    "    return Resultarray\n",
    "\n",
    "def constructPath(Adjencymatrix):\n",
    "    Array = list(range(1, len(Adjencymatrix)))\n",
    "    random.shuffle(Array)\n",
    "    return  [0] + Array + [0]\n",
    "\n",
    "def randomAlgo(iteration, Traversalorder, Adjencymatrix):\n",
    "    currentBest = readWeight(Traversalorder, Adjencymatrix) \n",
    "    for i in range(iteration):\n",
    "         #print(\"Current order: \", Traversalorder)\n",
    "        val1= random.randint(1, len(Traversalorder)-2)\n",
    "        val2= random.randint(1, len(Traversalorder)-2)\n",
    "        \n",
    "        while val1 == val2:\n",
    "            val2= random.randint(1, len(Traversalorder)-2)\n",
    "        temp = Traversalorder[val1] \n",
    "        Traversalorder[val1] = Traversalorder[val2] \n",
    "        Traversalorder[val2] = temp\n",
    "        #print(\"swapping\", val1,val2)\n",
    "        currentweight = readWeight(Traversalorder,Adjencymatrix)\n",
    "        #print(\"curentbest\", currentBest, currentweight)\n",
    "        if currentweight >= currentBest:\n",
    "            temp = Traversalorder[val1] \n",
    "            Traversalorder[val1] = Traversalorder[val2] \n",
    "            Traversalorder[val2] = temp\n",
    "            currentweight = readWeight(Traversalorder,Adjencymatrix )\n",
    "            \n",
    "        else:\n",
    "            currentBest = currentweight\n",
    "    print(Traversalorder)  \n",
    "    \n",
    "    return currentBest\n",
    "def swapPointAlgo(Traversalorder, Adjencymatrix): \n",
    "    currentweight = readWeight(Traversalorder, Adjencymatrix) \n",
    "    return swapPointHelper(Traversalorder, Adjencymatrix, currentweight)\n",
    "\n",
    "def swapPointHelper(Traversalorder, Adjencymatrix, currentbest):\n",
    "    for i in range(1, len(Traversalorder)-1):\n",
    "        for j in range(1, len(Traversalorder)-1):\n",
    "            if(i == j):\n",
    "                continue\n",
    "            Temparray = Traversalorder.copy()\n",
    "            temp = Temparray[i]\n",
    "            Temparray[i] =Temparray[j]\n",
    "            Temparray[j] = temp \n",
    "            \n",
    "            currentweight = readWeight(Temparray, Adjencymatrix)\n",
    "           \n",
    "            if(currentbest >  currentweight):\n",
    "                currentbest = currentweight\n",
    "                Traversalorder = Temparray \n",
    "                return swapPointHelper(Traversalorder, Adjencymatrix, currentbest)\n",
    "    return currentbest\n",
    "\n",
    "def swapEdgeAlgo(Traversalorder, Adjencymatrix):\n",
    "    1+1\n",
    "    \n",
    "    \n",
    "connectedT1 = constructNaiveConnected(First_data_set)\n",
    "V2 = [0,1,4,3,2,5,8,12,6,7,10,13,14,15,9,11,0]\n",
    "print(randomAlgo(600, connectedT1, First_data_set))\n",
    "connectedT1 = constructNaiveConnected(First_data_set)\n",
    "print(swapPointAlgo(connectedT1, First_data_set)  )\n",
    "print(swapPointAlgo(V2, First_data_set))\n",
    "\n"
   ]
  },
  {
   "cell_type": "code",
   "execution_count": 33,
   "id": "e08bb442",
   "metadata": {},
   "outputs": [
    {
     "name": "stdout",
     "output_type": "stream",
     "text": [
      "[0, 10, 5, 12, 15, 9, 2, 13, 1, 4, 14, 3, 11, 7, 6, 8, 16, 0]\n",
      "[0, 6, 8, 3, 10, 12, 20, 9, 21, 4, 17, 24, 5, 13, 25, 18, 22, 15, 1, 14, 16, 11, 19, 7, 23, 2, 0]\n"
     ]
    },
    {
     "ename": "TypeError",
     "evalue": "unsupported operand type(s) for +=: 'int' and 'str'",
     "output_type": "error",
     "traceback": [
      "\u001b[1;31m---------------------------------------------------------------------------\u001b[0m",
      "\u001b[1;31mTypeError\u001b[0m                                 Traceback (most recent call last)",
      "\u001b[1;32m~\\AppData\\Local\\Temp\\ipykernel_16656\\1775719226.py\u001b[0m in \u001b[0;36m<module>\u001b[1;34m\u001b[0m\n\u001b[0;32m     10\u001b[0m     \u001b[0mres1\u001b[0m \u001b[1;33m=\u001b[0m \u001b[0mrandomAlgo\u001b[0m\u001b[1;33m(\u001b[0m\u001b[0mi\u001b[0m\u001b[1;33m,\u001b[0m \u001b[0mpath1\u001b[0m\u001b[1;33m,\u001b[0m \u001b[0mFirst_data_set\u001b[0m\u001b[1;33m)\u001b[0m\u001b[1;33m\u001b[0m\u001b[1;33m\u001b[0m\u001b[0m\n\u001b[0;32m     11\u001b[0m     \u001b[0mres2\u001b[0m \u001b[1;33m=\u001b[0m \u001b[0mrandomAlgo\u001b[0m\u001b[1;33m(\u001b[0m\u001b[0mi\u001b[0m\u001b[1;33m,\u001b[0m \u001b[0mpath2\u001b[0m\u001b[1;33m,\u001b[0m \u001b[0mSec_data_set\u001b[0m\u001b[1;33m)\u001b[0m\u001b[1;33m\u001b[0m\u001b[1;33m\u001b[0m\u001b[0m\n\u001b[1;32m---> 12\u001b[1;33m     \u001b[0mres3\u001b[0m \u001b[1;33m=\u001b[0m \u001b[0mrandomAlgo\u001b[0m\u001b[1;33m(\u001b[0m\u001b[0mi\u001b[0m\u001b[1;33m,\u001b[0m \u001b[0mpath3\u001b[0m\u001b[1;33m,\u001b[0m \u001b[0mThird_data_set\u001b[0m\u001b[1;33m)\u001b[0m\u001b[1;33m\u001b[0m\u001b[1;33m\u001b[0m\u001b[0m\n\u001b[0m\u001b[0;32m     13\u001b[0m \u001b[1;33m\u001b[0m\u001b[0m\n",
      "\u001b[1;32m~\\AppData\\Local\\Temp\\ipykernel_16656\\1869784144.py\u001b[0m in \u001b[0;36mrandomAlgo\u001b[1;34m(iteration, Traversalorder, Adjencymatrix)\u001b[0m\n\u001b[0;32m     24\u001b[0m \u001b[1;33m\u001b[0m\u001b[0m\n\u001b[0;32m     25\u001b[0m \u001b[1;32mdef\u001b[0m \u001b[0mrandomAlgo\u001b[0m\u001b[1;33m(\u001b[0m\u001b[0miteration\u001b[0m\u001b[1;33m,\u001b[0m \u001b[0mTraversalorder\u001b[0m\u001b[1;33m,\u001b[0m \u001b[0mAdjencymatrix\u001b[0m\u001b[1;33m)\u001b[0m\u001b[1;33m:\u001b[0m\u001b[1;33m\u001b[0m\u001b[1;33m\u001b[0m\u001b[0m\n\u001b[1;32m---> 26\u001b[1;33m     \u001b[0mcurrentBest\u001b[0m \u001b[1;33m=\u001b[0m \u001b[0mreadWeight\u001b[0m\u001b[1;33m(\u001b[0m\u001b[0mTraversalorder\u001b[0m\u001b[1;33m,\u001b[0m \u001b[0mAdjencymatrix\u001b[0m\u001b[1;33m)\u001b[0m\u001b[1;33m\u001b[0m\u001b[1;33m\u001b[0m\u001b[0m\n\u001b[0m\u001b[0;32m     27\u001b[0m     \u001b[1;32mfor\u001b[0m \u001b[0mi\u001b[0m \u001b[1;32min\u001b[0m \u001b[0mrange\u001b[0m\u001b[1;33m(\u001b[0m\u001b[0miteration\u001b[0m\u001b[1;33m)\u001b[0m\u001b[1;33m:\u001b[0m\u001b[1;33m\u001b[0m\u001b[1;33m\u001b[0m\u001b[0m\n\u001b[0;32m     28\u001b[0m          \u001b[1;31m#print(\"Current order: \", Traversalorder)\u001b[0m\u001b[1;33m\u001b[0m\u001b[1;33m\u001b[0m\u001b[0m\n",
      "\u001b[1;32m~\\AppData\\Local\\Temp\\ipykernel_16656\\1869784144.py\u001b[0m in \u001b[0;36mreadWeight\u001b[1;34m(Traversalorder, Adjencymatrix)\u001b[0m\n\u001b[0;32m      8\u001b[0m         \u001b[0mcurrent\u001b[0m \u001b[1;33m=\u001b[0m \u001b[0mTraversalorder\u001b[0m\u001b[1;33m[\u001b[0m\u001b[0mi\u001b[0m\u001b[1;33m]\u001b[0m\u001b[1;33m\u001b[0m\u001b[1;33m\u001b[0m\u001b[0m\n\u001b[0;32m      9\u001b[0m         \u001b[0mcurrentplus1\u001b[0m \u001b[1;33m=\u001b[0m \u001b[0mTraversalorder\u001b[0m\u001b[1;33m[\u001b[0m\u001b[0mi\u001b[0m\u001b[1;33m+\u001b[0m\u001b[1;36m1\u001b[0m\u001b[1;33m]\u001b[0m\u001b[1;33m\u001b[0m\u001b[1;33m\u001b[0m\u001b[0m\n\u001b[1;32m---> 10\u001b[1;33m         \u001b[0mweight\u001b[0m \u001b[1;33m+=\u001b[0m \u001b[0mAdjencymatrix\u001b[0m\u001b[1;33m[\u001b[0m\u001b[0mcurrent\u001b[0m\u001b[1;33m]\u001b[0m\u001b[1;33m[\u001b[0m\u001b[0mcurrentplus1\u001b[0m\u001b[1;33m]\u001b[0m\u001b[1;33m\u001b[0m\u001b[1;33m\u001b[0m\u001b[0m\n\u001b[0m\u001b[0;32m     11\u001b[0m     \u001b[1;32mreturn\u001b[0m \u001b[0mweight\u001b[0m\u001b[1;33m\u001b[0m\u001b[1;33m\u001b[0m\u001b[0m\n\u001b[0;32m     12\u001b[0m \u001b[1;33m\u001b[0m\u001b[0m\n",
      "\u001b[1;31mTypeError\u001b[0m: unsupported operand type(s) for +=: 'int' and 'str'"
     ]
    }
   ],
   "source": [
    "\n",
    "\n",
    "\n",
    "Third_data_set = readfile(\"people.sc.fsu.edu_~jburkardt_datasets_tsp_att48_d.txt\")\n",
    "\n",
    "Iteration_index = []\n",
    "path1 = constructPath(First_data_set )\n",
    "path2 = constructPath(Sec_data_set)\n",
    "path3 = constructPath(Third_data_set)\n",
    "\n",
    "for i in range(10):\n",
    "    Iteration_index.append(i)\n",
    "    res1 = randomAlgo(i, path1, First_data_set)\n",
    "    res2 = randomAlgo(i, path2, Sec_data_set)\n",
    "    res3 = randomAlgo(i, path3, Third_data_set)\n",
    "    "
   ]
  },
  {
   "cell_type": "code",
   "execution_count": 34,
   "id": "0ddc10d9",
   "metadata": {},
   "outputs": [
    {
     "ename": "FileNotFoundError",
     "evalue": "[Errno 2] No such file or directory: 'people.sc.fsu.edu_~jburkardt_datasets_tsp_gr17_d.txt'",
     "output_type": "error",
     "traceback": [
      "\u001b[1;31m---------------------------------------------------------------------------\u001b[0m",
      "\u001b[1;31mFileNotFoundError\u001b[0m                         Traceback (most recent call last)",
      "\u001b[1;32m~\\AppData\\Local\\Temp\\ipykernel_16656\\493814457.py\u001b[0m in \u001b[0;36m<module>\u001b[1;34m\u001b[0m\n\u001b[1;32m----> 1\u001b[1;33m \u001b[0mtest\u001b[0m \u001b[1;33m=\u001b[0m \u001b[0mreadfile\u001b[0m\u001b[1;33m(\u001b[0m\u001b[1;34m\"people.sc.fsu.edu_~jburkardt_datasets_tsp_gr17_d.txt\"\u001b[0m\u001b[1;33m)\u001b[0m\u001b[1;33m\u001b[0m\u001b[1;33m\u001b[0m\u001b[0m\n\u001b[0m\u001b[0;32m      2\u001b[0m \u001b[0mprint\u001b[0m\u001b[1;33m(\u001b[0m\u001b[0mtest\u001b[0m\u001b[1;33m)\u001b[0m\u001b[1;33m\u001b[0m\u001b[1;33m\u001b[0m\u001b[0m\n",
      "\u001b[1;32m~\\AppData\\Local\\Temp\\ipykernel_16656\\1798924141.py\u001b[0m in \u001b[0;36mreadfile\u001b[1;34m(file)\u001b[0m\n\u001b[0;32m      1\u001b[0m \u001b[1;32mdef\u001b[0m \u001b[0mreadfile\u001b[0m\u001b[1;33m(\u001b[0m\u001b[0mfile\u001b[0m\u001b[1;33m)\u001b[0m\u001b[1;33m:\u001b[0m\u001b[1;33m\u001b[0m\u001b[1;33m\u001b[0m\u001b[0m\n\u001b[0;32m      2\u001b[0m     \u001b[0mfilename\u001b[0m \u001b[1;33m=\u001b[0m \u001b[0mfile\u001b[0m\u001b[1;33m\u001b[0m\u001b[1;33m\u001b[0m\u001b[0m\n\u001b[1;32m----> 3\u001b[1;33m     \u001b[0mf\u001b[0m \u001b[1;33m=\u001b[0m \u001b[0mopen\u001b[0m\u001b[1;33m(\u001b[0m\u001b[0mfilename\u001b[0m\u001b[1;33m,\u001b[0m\u001b[1;34m'r'\u001b[0m\u001b[1;33m)\u001b[0m\u001b[1;33m\u001b[0m\u001b[1;33m\u001b[0m\u001b[0m\n\u001b[0m\u001b[0;32m      4\u001b[0m     \u001b[0mheader_line\u001b[0m \u001b[1;33m=\u001b[0m \u001b[0mf\u001b[0m\u001b[1;33m.\u001b[0m\u001b[0mreadline\u001b[0m\u001b[1;33m(\u001b[0m\u001b[1;33m)\u001b[0m\u001b[1;33m\u001b[0m\u001b[1;33m\u001b[0m\u001b[0m\n\u001b[0;32m      5\u001b[0m     \u001b[0mRes_arr\u001b[0m \u001b[1;33m=\u001b[0m \u001b[1;33m[\u001b[0m\u001b[1;33m]\u001b[0m\u001b[1;33m\u001b[0m\u001b[1;33m\u001b[0m\u001b[0m\n",
      "\u001b[1;31mFileNotFoundError\u001b[0m: [Errno 2] No such file or directory: 'people.sc.fsu.edu_~jburkardt_datasets_tsp_gr17_d.txt'"
     ]
    }
   ],
   "source": [
    "test = readfile(\"people.sc.fsu.edu_~jburkardt_datasets_tsp_gr17_d.txt\")\n",
    "print(test)"
   ]
  }
 ],
 "metadata": {
  "kernelspec": {
   "display_name": "Python 3 (ipykernel)",
   "language": "python",
   "name": "python3"
  },
  "language_info": {
   "codemirror_mode": {
    "name": "ipython",
    "version": 3
   },
   "file_extension": ".py",
   "mimetype": "text/x-python",
   "name": "python",
   "nbconvert_exporter": "python",
   "pygments_lexer": "ipython3",
   "version": "3.9.13"
  }
 },
 "nbformat": 4,
 "nbformat_minor": 5
}
